0,0
33,30
182
0,1
33,30
181
0,2
33,30
180
0,3
33,30
177
0,4
33,30
172
0,5
33,30
166
0,6
33,30
162
0,7
33,30
156
0,8
33,30
152
0,9
33,30
148
0,10
33,30
146
0,11
33,30
145
0,12
33,30
147
0,13
33,30
147
0,14
33,30
147
0,15
33,30
152
0,16
33,30
151
0,17
33,30
150
0,18
33,30
146
0,19
33,30
141
0,20
33,30
136
0,21
33,30
132
0,22
33,30
129
0,23
33,30
122
0,24
33,30
118
0,25
33,30
112
0,26
33,30
107
0,27
33,30
101
0,28
33,30
95
0,29
33,30
90
0,30
33,30
86
0,31
33,30
87
0,32
33,30
86
0,33
33,30
89
0,34
33,30
93
0,35
33,30
96
0,36
33,30
99
0,37
33,30
101
0,38
33,30
104
0,39
33,30
107
0,40
33,30
109
0,41
33,30
114
0,42
33,30
116
0,43
33,30
117
0,44
33,30
118
0,45
33,30
121
0,46
33,30
123
0,47
33,30
126
0,48
33,30
130
0,49
33,30
136
0,50
33,30
141
0,51
33,30
147
0,52
33,30
148
0,53
33,30
146
0,54
33,30
142
0,55
33,30
140
0,56
33,30
138
0,57
33,30
138
0,58
33,30
140
0,59
33,30
141
0,60
33,30
141
0,61
33,30
140
0,62
33,30
139
0,63
33,30
139
0,64
33,30
137
0,65
33,30
136
0,66
33,30
140
1,0
33,30
179
1,1
33,30
178
1,2
33,30
177
1,3
33,30
175
1,4
33,30
171
1,5
33,30
166
1,6
33,30
163
1,7
33,30
156
1,8
33,30
152
1,9
33,30
149
1,10
33,30
145
1,11
33,30
142
1,12
33,30
143
1,13
33,30
145
1,14
33,30
145
1,15
33,30
148
1,16
33,30
147
1,17
33,30
148
1,18
33,30
145
1,19
33,30
140
1,20
33,30
135
1,21
33,30
129
1,22
33,30
125
1,23
33,30
120
1,24
33,30
116
1,25
33,30
110
1,26
33,30
104
1,27
33,30
100
1,28
33,30
94
1,29
33,30
88
1,30
33,30
83
1,31
33,30
82
1,32
33,30
83
1,33
33,30
84
1,34
33,30
87
1,35
33,30
92
1,36
33,30
93
1,37
33,30
95
1,38
33,30
100
1,39
33,30
101
1,40
33,30
105
1,41
33,30
108
1,42
33,30
110
1,43
33,30
113
1,44
33,30
114
1,45
33,30
118
1,46
33,30
121
1,47
33,30
123
1,48
33,30
129
1,49
33,30
135
1,50
33,30
139
1,51
33,30
144
1,52
33,30
145
1,53
33,30
142
1,54
33,30
138
1,55
33,30
136
1,56
33,30
136
1,57
33,30
137
1,58
33,30
139
1,59
33,30
140
1,60
33,30
140
1,61
33,30
139
1,62
33,30
138
1,63
33,30
138
1,64
33,30
137
1,65
33,30
138
1,66
33,30
142
2,0
33,30
176
2,1
33,30
176
2,2
33,30
175
2,3
33,30
174
2,4
33,30
170
2,5
33,30
167
2,6
33,30
163
2,7
33,30
158
2,8
33,30
154
2,9
33,30
149
2,10
33,30
144
2,11
33,30
141
2,12
33,30
140
2,13
33,30
141
2,14
33,30
141
2,15
33,30
143
2,16
33,30
143
2,17
33,30
144
2,18
33,30
143
2,19
33,30
138
2,20
33,30
132
2,21
33,30
127
2,22
33,30
121
2,23
33,30
117
2,24
33,30
113
2,25
33,30
107
2,26
33,30
103
2,27
33,30
97
2,28
33,30
93
2,29
33,30
87
2,30
33,30
82
2,31
33,30
80
2,32
33,30
77
2,33
33,30
78
2,34
33,30
81
2,35
33,30
85
2,36
33,30
86
2,37
33,30
89
2,38
33,30
92
2,39
33,30
95
2,40
33,30
97
2,41
33,30
102
2,42
33,30
104
2,43
33,30
105
2,44
33,30
110
2,45
33,30
114
2,46
33,30
117
2,47
33,30
121
2,48
33,30
125
2,49
33,30
131
2,50
33,30
136
2,51
33,30
140
2,52
33,30
141
2,53
33,30
139
2,54
33,30
136
2,55
33,30
132
2,56
33,30
133
2,57
33,30
134
2,58
33,30
137
2,59
33,30
138
2,60
33,30
137
2,61
33,30
136
2,62
33,30
137
2,63
33,30
138
2,64
33,30
138
2,65
33,30
140
2,66
33,30
143
3,0
33,30
171
3,1
33,30
171
3,2
33,30
171
3,3
33,30
172
3,4
33,30
169
3,5
33,30
166
3,6
33,30
163
3,7
33,30
158
3,8
33,30
156
3,9
33,30
151
3,10
33,30
146
3,11
33,30
140
3,12
33,30
138
3,13
33,30
137
3,14
33,30
136
3,15
33,30
138
3,16
33,30
140
3,17
33,30
140
3,18
33,30
140
3,19
33,30
137
3,20
33,30
131
3,21
33,30
124
3,22
33,30
120
3,23
33,30
115
3,24
33,30
110
3,25
33,30
106
3,26
33,30
100
3,27
33,30
96
3,28
33,30
90
3,29
33,30
84
3,30
33,30
79
3,31
33,30
77
3,32
33,30
73
3,33
33,30
72
3,34
33,30
75
3,35
33,30
79
3,36
33,30
82
3,37
33,30
85
3,38
33,30
86
3,39
33,30
90
3,40
33,30
93
3,41
33,30
96
3,42
33,30
98
3,43
33,30
99
3,44
33,30
104
3,45
33,30
108
3,46
33,30
112
3,47
33,30
117
3,48
33,30
122
3,49
33,30
128
3,50
33,30
132
3,51
33,30
136
3,52
33,30
137
3,53
33,30
137
3,54
33,30
133
3,55
33,30
129
3,56
33,30
129
3,57
33,30
130
3,58
33,30
132
3,59
33,30
133
3,60
33,30
133
3,61
33,30
135
3,62
33,30
138
3,63
33,30
139
3,64
33,30
140
3,65
33,30
143
3,66
33,30
145
4,0
33,30
167
4,1
33,30
167
4,2
33,30
168
4,3
33,30
168
4,4
33,30
167
4,5
33,30
165
4,6
33,30
162
4,7
33,30
157
4,8
33,30
156
4,9
33,30
153
4,10
33,30
146
4,11
33,30
141
4,12
33,30
135
4,13
33,30
133
4,14
33,30
132
4,15
33,30
134
4,16
33,30
136
4,17
33,30
138
4,18
33,30
138
4,19
33,30
136
4,20
33,30
132
4,21
33,30
125
4,22
33,30
119
4,23
33,30
115
4,24
33,30
111
4,25
33,30
105
4,26
33,30
101
4,27
33,30
95
4,28
33,30
89
4,29
33,30
81
4,30
33,30
77
4,31
33,30
74
4,32
33,30
70
4,33
33,30
67
4,34
33,30
70
4,35
33,30
73
4,36
33,30
76
4,37
33,30
78
4,38
33,30
81
4,39
33,30
86
4,40
33,30
88
4,41
33,30
91
4,42
33,30
92
4,43
33,30
95
4,44
33,30
99
4,45
33,30
104
4,46
33,30
108
4,47
33,30
112
4,48
33,30
118
4,49
33,30
124
4,50
33,30
130
4,51
33,30
132
4,52
33,30
135
4,53
33,30
134
4,54
33,30
132
4,55
33,30
127
4,56
33,30
126
4,57
33,30
126
4,58
33,30
127
4,59
33,30
129
4,60
33,30
130
4,61
33,30
133
4,62
33,30
137
4,63
33,30
140
4,64
33,30
141
4,65
33,30
143
4,66
33,30
146
5,0
33,30
162
5,1
33,30
164
5,2
33,30
165
5,3
33,30
166
5,4
33,30
165
5,5
33,30
161
5,6
33,30
159
5,7
33,30
155
5,8
33,30
153
5,9
33,30
150
5,10
33,30
146
5,11
33,30
140
5,12
33,30
134
5,13
33,30
130
5,14
33,30
128
5,15
33,30
130
5,16
33,30
130
5,17
33,30
134
5,18
33,30
134
5,19
33,30
135
5,20
33,30
131
5,21
33,30
125
5,22
33,30
120
5,23
33,30
114
5,24
33,30
110
5,25
33,30
106
5,26
33,30
100
5,27
33,30
96
5,28
33,30
88
5,29
33,30
82
5,30
33,30
76
5,31
33,30
73
5,32
33,30
69
5,33
33,30
66
5,34
33,30
65
5,35
33,30
66
5,36
33,30
69
5,37
33,30
72
5,38
33,30
77
5,39
33,30
79
5,40
33,30
82
5,41
33,30
85
5,42
33,30
88
5,43
33,30
90
5,44
33,30
95
5,45
33,30
99
5,46
33,30
104
5,47
33,30
108
5,48
33,30
114
5,49
33,30
120
5,50
33,30
126
5,51
33,30
130
5,52
33,30
132
5,53
33,30
132
5,54
33,30
130
5,55
33,30
126
5,56
33,30
124
5,57
33,30
121
5,58
33,30
122
5,59
33,30
125
5,60
33,30
126
5,61
33,30
130
5,62
33,30
134
5,63
33,30
139
5,64
33,30
140
5,65
33,30
141
5,66
33,30
145
6,0
33,30
158
6,1
33,30
160
6,2
33,30
162
6,3
33,30
162
6,4
33,30
161
6,5
33,30
159
6,6
33,30
155
6,7
33,30
151
6,8
33,30
150
6,9
33,30
146
6,10
33,30
143
6,11
33,30
139
6,12
33,30
133
6,13
33,30
129
6,14
33,30
125
6,15
33,30
124
6,16
33,30
126
6,17
33,30
128
6,18
33,30
130
6,19
33,30
131
6,20
33,30
128
6,21
33,30
124
6,22
33,30
120
6,23
33,30
113
6,24
33,30
111
6,25
33,30
106
6,26
33,30
101
6,27
33,30
96
6,28
33,30
89
6,29
33,30
83
6,30
33,30
76
6,31
33,30
72
6,32
33,30
68
6,33
33,30
63
6,34
33,30
60
6,35
33,30
60
6,36
33,30
61
6,37
33,30
65
6,38
33,30
70
6,39
33,30
73
6,40
33,30
76
6,41
33,30
80
6,42
33,30
83
6,43
33,30
86
6,44
33,30
90
6,45
33,30
97
6,46
33,30
101
6,47
33,30
105
6,48
33,30
111
6,49
33,30
117
6,50
33,30
121
6,51
33,30
126
6,52
33,30
128
6,53
33,30
128
6,54
33,30
125
6,55
33,30
123
6,56
33,30
121
6,57
33,30
119
6,58
33,30
120
6,59
33,30
122
6,60
33,30
125
6,61
33,30
128
6,62
33,30
132
6,63
33,30
134
6,64
33,30
135
6,65
33,30
138
6,66
33,30
142
7,0
33,30
156
7,1
33,30
158
7,2
33,30
159
7,3
33,30
161
7,4
33,30
159
7,5
33,30
156
7,6
33,30
153
7,7
33,30
149
7,8
33,30
146
7,9
33,30
144
7,10
33,30
140
7,11
33,30
136
7,12
33,30
132
7,13
33,30
127
7,14
33,30
124
7,15
33,30
122
7,16
33,30
122
7,17
33,30
124
7,18
33,30
126
7,19
33,30
127
7,20
33,30
126
7,21
33,30
122
7,22
33,30
119
7,23
33,30
112
7,24
33,30
110
7,25
33,30
105
7,26
33,30
101
7,27
33,30
95
7,28
33,30
89
7,29
33,30
83
7,30
33,30
77
7,31
33,30
73
7,32
33,30
69
7,33
33,30
62
7,34
33,30
58
7,35
33,30
55
7,36
33,30
56
7,37
33,30
59
7,38
33,30
63
7,39
33,30
66
7,40
33,30
71
7,41
33,30
76
7,42
33,30
79
7,43
33,30
83
7,44
33,30
88
7,45
33,30
94
7,46
33,30
97
7,47
33,30
103
7,48
33,30
109
7,49
33,30
115
7,50
33,30
119
7,51
33,30
123
7,52
33,30
124
7,53
33,30
125
7,54
33,30
123
7,55
33,30
122
7,56
33,30
118
7,57
33,30
116
7,58
33,30
119
7,59
33,30
121
7,60
33,30
124
7,61
33,30
125
7,62
33,30
128
7,63
33,30
132
7,64
33,30
133
7,65
33,30
135
7,66
33,30
140
8,0
33,30
153
8,1
33,30
155
8,2
33,30
157
8,3
33,30
156
8,4
33,30
154
8,5
33,30
151
8,6
33,30
149
8,7
33,30
145
8,8
33,30
143
8,9
33,30
140
8,10
33,30
136
8,11
33,30
132
8,12
33,30
128
8,13
33,30
124
8,14
33,30
122
8,15
33,30
116
8,16
33,30
118
8,17
33,30
119
8,18
33,30
121
8,19
33,30
121
8,20
33,30
123
8,21
33,30
121
8,22
33,30
115
8,23
33,30
110
8,24
33,30
105
8,25
33,30
100
8,26
33,30
95
8,27
33,30
93
8,28
33,30
88
8,29
33,30
82
8,30
33,30
76
8,31
33,30
72
8,32
33,30
68
8,33
33,30
63
8,34
33,30
58
8,35
33,30
56
8,36
33,30
53
8,37
33,30
52
8,38
33,30
55
8,39
33,30
58
8,40
33,30
63
8,41
33,30
71
8,42
33,30
76
8,43
33,30
82
8,44
33,30
87
8,45
33,30
93
8,46
33,30
96
8,47
33,30
103
8,48
33,30
106
8,49
33,30
110
8,50
33,30
113
8,51
33,30
116
8,52
33,30
118
8,53
33,30
119
8,54
33,30
119
8,55
33,30
115
8,56
33,30
114
8,57
33,30
115
8,58
33,30
114
8,59
33,30
117
8,60
33,30
120
8,61
33,30
124
8,62
33,30
128
8,63
33,30
131
8,64
33,30
132
8,65
33,30
134
8,66
33,30
139
9,0
33,30
150
9,1
33,30
153
9,2
33,30
155
9,3
33,30
154
9,4
33,30
151
9,5
33,30
147
9,6
33,30
145
9,7
33,30
141
9,8
33,30
139
9,9
33,30
138
9,10
33,30
135
9,11
33,30
131
9,12
33,30
127
9,13
33,30
122
9,14
33,30
119
9,15
33,30
112
9,16
33,30
114
9,17
33,30
115
9,18
33,30
115
9,19
33,30
117
9,20
33,30
119
9,21
33,30
118
9,22
33,30
114
9,23
33,30
107
9,24
33,30
103
9,25
33,30
97
9,26
33,30
93
9,27
33,30
90
9,28
33,30
86
9,29
33,30
80
9,30
33,30
73
9,31
33,30
71
9,32
33,30
67
9,33
33,30
62
9,34
33,30
57
9,35
33,30
55
9,36
33,30
50
9,37
33,30
51
9,38
33,30
54
9,39
33,30
59
9,40
33,30
63
9,41
33,30
70
9,42
33,30
77
9,43
33,30
81
9,44
33,30
86
9,45
33,30
90
9,46
33,30
95
9,47
33,30
99
9,48
33,30
103
9,49
33,30
106
9,50
33,30
109
9,51
33,30
111
9,52
33,30
114
9,53
33,30
115
9,54
33,30
114
9,55
33,30
110
9,56
33,30
111
9,57
33,30
112
9,58
33,30
113
9,59
33,30
116
9,60
33,30
119
9,61
33,30
125
9,62
33,30
127
9,63
33,30
130
9,64
33,30
132
9,65
33,30
135
9,66
33,30
139
10,0
33,30
147
10,1
33,30
150
10,2
33,30
152
10,3
33,30
151
10,4
33,30
147
10,5
33,30
144
10,6
33,30
141
10,7
33,30
136
10,8
33,30
135
10,9
33,30
134
10,10
33,30
131
10,11
33,30
129
10,12
33,30
125
10,13
33,30
119
10,14
33,30
115
10,15
33,30
108
10,16
33,30
108
10,17
33,30
107
10,18
33,30
109
10,19
33,30
112
10,20
33,30
114
10,21
33,30
114
10,22
33,30
112
10,23
33,30
104
10,24
33,30
100
10,25
33,30
94
10,26
33,30
90
10,27
33,30
86
10,28
33,30
81
10,29
33,30
75
10,30
33,30
71
10,31
33,30
68
10,32
33,30
64
10,33
33,30
59
10,34
33,30
56
10,35
33,30
52
10,36
33,30
49
10,37
33,30
50
10,38
33,30
53
10,39
33,30
58
10,40
33,30
62
10,41
33,30
69
10,42
33,30
76
10,43
33,30
78
10,44
33,30
83
10,45
33,30
87
10,46
33,30
90
10,47
33,30
93
10,48
33,30
97
10,49
33,30
102
10,50
33,30
104
10,51
33,30
107
10,52
33,30
108
10,53
33,30
107
10,54
33,30
107
10,55
33,30
106
10,56
33,30
107
10,57
33,30
110
10,58
33,30
112
10,59
33,30
115
10,60
33,30
119
10,61
33,30
125
10,62
33,30
128
10,63
33,30
132
10,64
33,30
135
10,65
33,30
137
10,66
33,30
141
11,0
33,30
145
11,1
33,30
148
11,2
33,30
150
11,3
33,30
149
11,4
33,30
145
11,5
33,30
140
11,6
33,30
136
11,7
33,30
132
11,8
33,30
131
11,9
33,30
130
11,10
33,30
129
11,11
33,30
128
11,12
33,30
124
11,13
33,30
118
11,14
33,30
112
11,15
33,30
105
11,16
33,30
104
11,17
33,30
103
11,18
33,30
104
11,19
33,30
107
11,20
33,30
110
11,21
33,30
110
11,22
33,30
109
11,23
33,30
103
11,24
33,30
99
11,25
33,30
93
11,26
33,30
89
11,27
33,30
83
11,28
33,30
79
11,29
33,30
72
11,30
33,30
68
11,31
33,30
65
11,32
33,30
63
11,33
33,30
58
11,34
33,30
55
11,35
33,30
51
11,36
33,30
48
11,37
33,30
49
11,38
33,30
50
11,39
33,30
55
11,40
33,30
60
11,41
33,30
66
11,42
33,30
71
11,43
33,30
76
11,44
33,30
78
11,45
33,30
81
11,46
33,30
84
11,47
33,30
88
11,48
33,30
93
11,49
33,30
97
11,50
33,30
100
11,51
33,30
101
11,52
33,30
102
11,53
33,30
103
11,54
33,30
102
11,55
33,30
100
11,56
33,30
103
11,57
33,30
107
11,58
33,30
111
11,59
33,30
116
11,60
33,30
122
11,61
33,30
126
11,62
33,30
130
11,63
33,30
133
11,64
33,30
135
11,65
33,30
139
11,66
33,30
142
12,0
33,30
142
12,1
33,30
144
12,2
33,30
147
12,3
33,30
146
12,4
33,30
143
12,5
33,30
137
12,6
33,30
133
12,7
33,30
129
12,8
33,30
127
12,9
33,30
126
12,10
33,30
125
12,11
33,30
125
12,12
33,30
121
12,13
33,30
116
12,14
33,30
110
12,15
33,30
104
12,16
33,30
101
12,17
33,30
99
12,18
33,30
99
12,19
33,30
102
12,20
33,30
105
12,21
33,30
106
12,22
33,30
107
12,23
33,30
102
12,24
33,30
100
12,25
33,30
94
12,26
33,30
88
12,27
33,30
84
12,28
33,30
78
12,29
33,30
71
12,30
33,30
67
12,31
33,30
64
12,32
33,30
62
12,33
33,30
57
12,34
33,30
54
12,35
33,30
50
12,36
33,30
47
12,37
33,30
46
12,38
33,30
49
12,39
33,30
54
12,40
33,30
59
12,41
33,30
63
12,42
33,30
68
12,43
33,30
71
12,44
33,30
74
12,45
33,30
77
12,46
33,30
79
12,47
33,30
86
12,48
33,30
90
12,49
33,30
95
12,50
33,30
96
12,51
33,30
97
12,52
33,30
98
12,53
33,30
99
12,54
33,30
98
12,55
33,30
97
12,56
33,30
102
12,57
33,30
106
12,58
33,30
112
12,59
33,30
116
12,60
33,30
122
12,61
33,30
126
12,62
33,30
131
12,63
33,30
133
12,64
33,30
136
12,65
33,30
138
12,66
33,30
141
13,0
33,30
138
13,1
33,30
142
13,2
33,30
144
13,3
33,30
143
13,4
33,30
140
13,5
33,30
135
13,6
33,30
131
13,7
33,30
125
13,8
33,30
123
13,9
33,30
120
13,10
33,30
119
13,11
33,30
120
13,12
33,30
117
13,13
33,30
113
13,14
33,30
107
13,15
33,30
101
13,16
33,30
97
13,17
33,30
94
13,18
33,30
95
13,19
33,30
97
13,20
33,30
100
13,21
33,30
102
13,22
33,30
102
13,23
33,30
101
13,24
33,30
99
13,25
33,30
95
13,26
33,30
89
13,27
33,30
84
13,28
33,30
78
13,29
33,30
72
13,30
33,30
68
13,31
33,30
65
13,32
33,30
61
13,33
33,30
56
13,34
33,30
53
13,35
33,30
49
13,36
33,30
46
13,37
33,30
45
13,38
33,30
46
13,39
33,30
51
13,40
33,30
56
13,41
33,30
60
13,42
33,30
63
13,43
33,30
66
13,44
33,30
69
13,45
33,30
74
13,46
33,30
77
13,47
33,30
81
13,48
33,30
86
13,49
33,30
90
13,50
33,30
91
13,51
33,30
92
13,52
33,30
93
13,53
33,30
94
13,54
33,30
95
13,55
33,30
96
13,56
33,30
101
13,57
33,30
105
13,58
33,30
111
13,59
33,30
117
13,60
33,30
121
13,61
33,30
125
13,62
33,30
128
13,63
33,30
131
13,64
33,30
133
13,65
33,30
136
13,66
33,30
137
14,0
33,30
134
14,1
33,30
138
14,2
33,30
140
14,3
33,30
139
14,4
33,30
136
14,5
33,30
131
14,6
33,30
127
14,7
33,30
123
14,8
33,30
119
14,9
33,30
114
14,10
33,30
113
14,11
33,30
114
14,12
33,30
113
14,13
33,30
107
14,14
33,30
103
14,15
33,30
95
14,16
33,30
91
14,17
33,30
87
14,18
33,30
89
14,19
33,30
91
14,20
33,30
92
14,21
33,30
94
14,22
33,30
97
14,23
33,30
99
14,24
33,30
96
14,25
33,30
94
14,26
33,30
89
14,27
33,30
85
14,28
33,30
79
14,29
33,30
73
14,30
33,30
70
14,31
33,30
64
14,32
33,30
62
14,33
33,30
57
14,34
33,30
52
14,35
33,30
50
14,36
33,30
45
14,37
33,30
44
14,38
33,30
45
14,39
33,30
48
14,40
33,30
51
14,41
33,30
54
14,42
33,30
57
14,43
33,30
60
14,44
33,30
64
14,45
33,30
67
14,46
33,30
72
14,47
33,30
77
14,48
33,30
81
14,49
33,30
84
14,50
33,30
85
14,51
33,30
86
14,52
33,30
89
14,53
33,30
90
14,54
33,30
91
14,55
33,30
97
14,56
33,30
100
14,57
33,30
106
14,58
33,30
112
14,59
33,30
116
14,60
33,30
119
14,61
33,30
123
14,62
33,30
124
14,63
33,30
126
14,64
33,30
127
14,65
33,30
130
14,66
33,30
133
15,0
33,30
132
15,1
33,30
134
15,2
33,30
136
15,3
33,30
136
15,4
33,30
134
15,5
33,30
128
15,6
33,30
124
15,7
33,30
120
15,8
33,30
114
15,9
33,30
110
15,10
33,30
108
15,11
33,30
110
15,12
33,30
109
15,13
33,30
105
15,14
33,30
99
15,15
33,30
91
15,16
33,30
85
15,17
33,30
82
15,18
33,30
83
15,19
33,30
85
15,20
33,30
88
15,21
33,30
90
15,22
33,30
92
15,23
33,30
95
15,24
33,30
94
15,25
33,30
91
15,26
33,30
88
15,27
33,30
84
15,28
33,30
80
15,29
33,30
74
15,30
33,30
71
15,31
33,30
63
15,32
33,30
61
15,33
33,30
56
15,34
33,30
53
15,35
33,30
49
15,36
33,30
44
15,37
33,30
41
15,38
33,30
42
15,39
33,30
41
15,40
33,30
46
15,41
33,30
49
15,42
33,30
52
15,43
33,30
53
15,44
33,30
58
15,45
33,30
62
15,46
33,30
67
15,47
33,30
74
15,48
33,30
77
15,49
33,30
81
15,50
33,30
80
15,51
33,30
81
15,52
33,30
84
15,53
33,30
87
15,54
33,30
88
15,55
33,30
96
15,56
33,30
100
15,57
33,30
105
15,58
33,30
111
15,59
33,30
113
15,60
33,30
116
15,61
33,30
119
15,62
33,30
121
15,63
33,30
122
15,64
33,30
125
15,65
33,30
127
15,66
33,30
128
16,0
33,30
128
16,1
33,30
130
16,2
33,30
130
16,3
33,30
131
16,4
33,30
130
16,5
33,30
126
16,6
33,30
122
16,7
33,30
116
16,8
33,30
109
16,9
33,30
101
16,10
33,30
98
16,11
33,30
102
16,12
33,30
103
16,13
33,30
97
16,14
33,30
93
16,15
33,30
85
16,16
33,30
82
16,17
33,30
79
16,18
33,30
78
16,19
33,30
81
16,20
33,30
82
16,21
33,30
84
16,22
33,30
86
16,23
33,30
89
16,24
33,30
89
16,25
33,30
90
16,26
33,30
86
16,27
33,30
81
16,28
33,30
77
16,29
33,30
71
16,30
33,30
66
16,31
33,30
62
16,32
33,30
60
16,33
33,30
55
16,34
33,30
50
16,35
33,30
48
16,36
33,30
43
16,37
33,30
40
16,38
33,30
37
16,39
33,30
40
16,40
33,30
41
16,41
33,30
42
16,42
33,30
45
16,43
33,30
48
16,44
33,30
55
16,45
33,30
60
16,46
33,30
64
16,47
33,30
69
16,48
33,30
72
16,49
33,30
75
16,50
33,30
76
16,51
33,30
77
16,52
33,30
80
16,53
33,30
84
16,54
33,30
89
16,55
33,30
95
16,56
33,30
99
16,57
33,30
105
16,58
33,30
110
16,59
33,30
111
16,60
33,30
110
16,61
33,30
111
16,62
33,30
114
16,63
33,30
116
16,64
33,30
119
16,65
33,30
122
16,66
33,30
126
17,0
33,30
122
17,1
33,30
124
17,2
33,30
125
17,3
33,30
125
17,4
33,30
126
17,5
33,30
122
17,6
33,30
118
17,7
33,30
112
17,8
33,30
104
17,9
33,30
97
17,10
33,30
94
17,11
33,30
96
17,12
33,30
97
17,13
33,30
94
17,14
33,30
88
17,15
33,30
82
17,16
33,30
78
17,17
33,30
75
17,18
33,30
74
17,19
33,30
76
17,20
33,30
79
17,21
33,30
81
17,22
33,30
82
17,23
33,30
83
17,24
33,30
85
17,25
33,30
86
17,26
33,30
83
17,27
33,30
79
17,28
33,30
74
17,29
33,30
68
17,30
33,30
64
17,31
33,30
59
17,32
33,30
57
17,33
33,30
54
17,34
33,30
49
17,35
33,30
45
17,36
33,30
42
17,37
33,30
37
17,38
33,30
34
17,39
33,30
37
17,40
33,30
38
17,41
33,30
39
17,42
33,30
42
17,43
33,30
47
17,44
33,30
52
17,45
33,30
57
17,46
33,30
60
17,47
33,30
64
17,48
33,30
67
17,49
33,30
68
17,50
33,30
71
17,51
33,30
74
17,52
33,30
79
17,53
33,30
83
17,54
33,30
88
17,55
33,30
94
17,56
33,30
98
17,57
33,30
103
17,58
33,30
105
17,59
33,30
106
17,60
33,30
107
17,61
33,30
108
17,62
33,30
111
17,63
33,30
115
17,64
33,30
116
17,65
33,30
119
17,66
33,30
123
18,0
33,30
116
18,1
33,30
118
18,2
33,30
119
18,3
33,30
120
18,4
33,30
120
18,5
33,30
118
18,6
33,30
113
18,7
33,30
108
18,8
33,30
100
18,9
33,30
92
18,10
33,30
90
18,11
33,30
90
18,12
33,30
91
18,13
33,30
90
18,14
33,30
86
18,15
33,30
78
18,16
33,30
73
18,17
33,30
69
18,18
33,30
69
18,19
33,30
72
18,20
33,30
74
18,21
33,30
75
18,22
33,30
76
18,23
33,30
77
18,24
33,30
79
18,25
33,30
80
18,26
33,30
79
18,27
33,30
74
18,28
33,30
70
18,29
33,30
65
18,30
33,30
59
18,31
33,30
57
18,32
33,30
54
18,33
33,30
51
18,34
33,30
47
18,35
33,30
44
18,36
33,30
39
18,37
33,30
34
18,38
33,30
31
18,39
33,30
30
18,40
33,30
33
18,41
33,30
34
18,42
33,30
37
18,43
33,30
42
18,44
33,30
47
18,45
33,30
52
18,46
33,30
57
18,47
33,30
60
18,48
33,30
61
18,49
33,30
63
18,50
33,30
66
18,51
33,30
71
18,52
33,30
78
18,53
33,30
84
18,54
33,30
88
18,55
33,30
93
18,56
33,30
96
18,57
33,30
97
18,58
33,30
99
18,59
33,30
100
18,60
33,30
101
18,61
33,30
104
18,62
33,30
108
18,63
33,30
111
18,64
33,30
114
18,65
33,30
116
18,66
33,30
119
19,0
33,30
112
19,1
33,30
113
19,2
33,30
115
19,3
33,30
115
19,4
33,30
116
19,5
33,30
113
19,6
33,30
109
19,7
33,30
103
19,8
33,30
97
19,9
33,30
90
19,10
33,30
85
19,11
33,30
86
19,12
33,30
87
19,13
33,30
86
19,14
33,30
83
19,15
33,30
75
19,16
33,30
70
19,17
33,30
66
19,18
33,30
65
19,19
33,30
67
19,20
33,30
70
19,21
33,30
71
19,22
33,30
71
19,23
33,30
70
19,24
33,30
73
19,25
33,30
75
19,26
33,30
74
19,27
33,30
72
19,28
33,30
67
19,29
33,30
61
19,30
33,30
55
19,31
33,30
52
19,32
33,30
51
19,33
33,30
46
19,34
33,30
44
19,35
33,30
41
19,36
33,30
36
19,37
33,30
31
19,38
33,30
28
19,39
33,30
25
19,40
33,30
28
19,41
33,30
29
19,42
33,30
34
19,43
33,30
39
19,44
33,30
44
19,45
33,30
49
19,46
33,30
52
19,47
33,30
55
19,48
33,30
56
19,49
33,30
59
19,50
33,30
63
19,51
33,30
70
19,52
33,30
77
19,53
33,30
83
19,54
33,30
86
19,55
33,30
88
19,56
33,30
91
19,57
33,30
92
19,58
33,30
93
19,59
33,30
94
19,60
33,30
97
19,61
33,30
100
19,62
33,30
102
19,63
33,30
107
19,64
33,30
109
19,65
33,30
112
19,66
33,30
116
20,0
33,30
108
20,1
33,30
108
20,2
33,30
109
20,3
33,30
111
20,4
33,30
112
20,5
33,30
111
20,6
33,30
107
20,7
33,30
102
20,8
33,30
96
20,9
33,30
89
20,10
33,30
84
20,11
33,30
83
20,12
33,30
82
20,13
33,30
83
20,14
33,30
80
20,15
33,30
74
20,16
33,30
68
20,17
33,30
63
20,18
33,30
62
20,19
33,30
63
20,20
33,30
65
20,21
33,30
64
20,22
33,30
65
20,23
33,30
66
20,24
33,30
70
20,25
33,30
73
20,26
33,30
72
20,27
33,30
69
20,28
33,30
63
20,29
33,30
58
20,30
33,30
52
20,31
33,30
49
20,32
33,30
46
20,33
33,30
44
20,34
33,30
43
20,35
33,30
40
20,36
33,30
35
20,37
33,30
28
20,38
33,30
25
20,39
33,30
23
20,40
33,30
24
20,41
33,30
26
20,42
33,30
29
20,43
33,30
34
20,44
33,30
39
20,45
33,30
44
20,46
33,30
47
20,47
33,30
50
20,48
33,30
53
20,49
33,30
58
20,50
33,30
64
20,51
33,30
71
20,52
33,30
76
20,53
33,30
80
20,54
33,30
83
20,55
33,30
84
20,56
33,30
85
20,57
33,30
88
20,58
33,30
89
20,59
33,30
90
20,60
33,30
92
20,61
33,30
95
20,62
33,30
98
20,63
33,30
102
20,64
33,30
103
20,65
33,30
108
20,66
33,30
112
21,0
33,30
103
21,1
33,30
104
21,2
33,30
105
21,3
33,30
105
21,4
33,30
108
21,5
33,30
105
21,6
33,30
102
21,7
33,30
100
21,8
33,30
94
21,9
33,30
86
21,10
33,30
81
21,11
33,30
79
21,12
33,30
78
21,13
33,30
77
21,14
33,30
76
21,15
33,30
71
21,16
33,30
65
21,17
33,30
60
21,18
33,30
57
21,19
33,30
58
21,20
33,30
59
21,21
33,30
60
21,22
33,30
59
21,23
33,30
61
21,24
33,30
64
21,25
33,30
68
21,26
33,30
67
21,27
33,30
64
21,28
33,30
60
21,29
33,30
54
21,30
33,30
49
21,31
33,30
44
21,32
33,30
43
21,33
33,30
43
21,34
33,30
40
21,35
33,30
37
21,36
33,30
32
21,37
33,30
27
21,38
33,30
22
21,39
33,30
22
21,40
33,30
23
21,41
33,30
24
21,42
33,30
25
21,43
33,30
29
21,44
33,30
34
21,45
33,30
39
21,46
33,30
42
21,47
33,30
45
21,48
33,30
50
21,49
33,30
57
21,50
33,30
63
21,51
33,30
68
21,52
33,30
73
21,53
33,30
76
21,54
33,30
77
21,55
33,30
78
21,56
33,30
79
21,57
33,30
81
21,58
33,30
82
21,59
33,30
85
21,60
33,30
88
21,61
33,30
89
21,62
33,30
92
21,63
33,30
96
21,64
33,30
99
21,65
33,30
105
21,66
33,30
109
22,0
33,30
97
22,1
33,30
98
22,2
33,30
99
22,3
33,30
99
22,4
33,30
102
22,5
33,30
99
22,6
33,30
96
22,7
33,30
94
22,8
33,30
89
22,9
33,30
83
22,10
33,30
77
22,11
33,30
72
22,12
33,30
71
22,13
33,30
70
22,14
33,30
69
22,15
33,30
67
22,16
33,30
62
22,17
33,30
55
22,18
33,30
54
22,19
33,30
53
22,20
33,30
52
22,21
33,30
51
22,22
33,30
54
22,23
33,30
55
22,24
33,30
58
22,25
33,30
62
22,26
33,30
61
22,27
33,30
58
22,28
33,30
55
22,29
33,30
51
22,30
33,30
46
22,31
33,30
41
22,32
33,30
41
22,33
33,30
40
22,34
33,30
39
22,35
33,30
36
22,36
33,30
31
22,37
33,30
26
22,38
33,30
21
22,39
33,30
21
22,40
33,30
22
22,41
33,30
23
22,42
33,30
24
22,43
33,30
25
22,44
33,30
29
22,45
33,30
34
22,46
33,30
37
22,47
33,30
42
22,48
33,30
47
22,49
33,30
54
22,50
33,30
60
22,51
33,30
63
22,52
33,30
66
22,53
33,30
67
22,54
33,30
70
22,55
33,30
73
22,56
33,30
74
22,57
33,30
75
22,58
33,30
76
22,59
33,30
79
22,60
33,30
82
22,61
33,30
84
22,62
33,30
87
22,63
33,30
92
22,64
33,30
96
22,65
33,30
101
22,66
33,30
108
23,0
33,30
93
23,1
33,30
94
23,2
33,30
93
23,3
33,30
95
23,4
33,30
96
23,5
33,30
95
23,6
33,30
92
23,7
33,30
91
23,8
33,30
87
23,9
33,30
80
23,10
33,30
74
23,11
33,30
68
23,12
33,30
65
23,13
33,30
66
23,14
33,30
65
23,15
33,30
64
23,16
33,30
59
23,17
33,30
52
23,18
33,30
50
23,19
33,30
49
23,20
33,30
46
23,21
33,30
47
23,22
33,30
47
23,23
33,30
50
23,24
33,30
53
23,25
33,30
57
23,26
33,30
56
23,27
33,30
55
23,28
33,30
53
23,29
33,30
48
23,30
33,30
43
23,31
33,30
40
23,32
33,30
40
23,33
33,30
39
23,34
33,30
38
23,35
33,30
35
23,36
33,30
30
23,37
33,30
25
23,38
33,30
20
23,39
33,30
20
23,40
33,30
21
23,41
33,30
22
23,42
33,30
23
23,43
33,30
24
23,44
33,30
25
23,45
33,30
29
23,46
33,30
34
23,47
33,30
41
23,48
33,30
46
23,49
33,30
53
23,50
33,30
58
23,51
33,30
59
23,52
33,30
61
23,53
33,30
62
23,54
33,30
65
23,55
33,30
68
23,56
33,30
69
23,57
33,30
70
23,58
33,30
71
23,59
33,30
74
23,60
33,30
79
23,61
33,30
82
23,62
33,30
84
23,63
33,30
89
23,64
33,30
93
23,65
33,30
100
23,66
33,30
106
24,0
33,30
90
24,1
33,30
89
24,2
33,30
88
24,3
33,30
89
24,4
33,30
90
24,5
33,30
90
24,6
33,30
89
24,7
33,30
87
24,8
33,30
82
24,9
33,30
76
24,10
33,30
71
24,11
33,30
67
24,12
33,30
64
24,13
33,30
61
24,14
33,30
58
24,15
33,30
59
24,16
33,30
54
24,17
33,30
50
24,18
33,30
45
24,19
33,30
40
24,20
33,30
41
24,21
33,30
42
24,22
33,30
45
24,23
33,30
47
24,24
33,30
50
24,25
33,30
51
24,26
33,30
50
24,27
33,30
47
24,28
33,30
46
24,29
33,30
45
24,30
33,30
42
24,31
33,30
39
24,32
33,30
39
24,33
33,30
38
24,34
33,30
35
24,35
33,30
30
24,36
33,30
27
24,37
33,30
22
24,38
33,30
21
24,39
33,30
19
24,40
33,30
20
24,41
33,30
21
24,42
33,30
22
24,43
33,30
23
24,44
33,30
24
24,45
33,30
26
24,46
33,30
31
24,47
33,30
38
24,48
33,30
41
24,49
33,30
46
24,50
33,30
51
24,51
33,30
54
24,52
33,30
57
24,53
33,30
60
24,54
33,30
61
24,55
33,30
63
24,56
33,30
66
24,57
33,30
67
24,58
33,30
68
24,59
33,30
69
24,60
33,30
72
24,61
33,30
77
24,62
33,30
82
24,63
33,30
88
24,64
33,30
92
24,65
33,30
99
24,66
33,30
103
25,0
33,30
87
25,1
33,30
85
25,2
33,30
85
25,3
33,30
84
25,4
33,30
85
25,5
33,30
86
25,6
33,30
85
25,7
33,30
82
25,8
33,30
79
25,9
33,30
73
25,10
33,30
69
25,11
33,30
64
25,12
33,30
61
25,13
33,30
56
25,14
33,30
53
25,15
33,30
54
25,16
33,30
51
25,17
33,30
47
25,18
33,30
42
25,19
33,30
37
25,20
33,30
36
25,21
33,30
39
25,22
33,30
40
25,23
33,30
43
25,24
33,30
45
25,25
33,30
46
25,26
33,30
45
25,27
33,30
44
25,28
33,30
43
25,29
33,30
42
25,30
33,30
39
25,31
33,30
37
25,32
33,30
36
25,33
33,30
35
25,34
33,30
34
25,35
33,30
29
25,36
33,30
24
25,37
33,30
21
25,38
33,30
18
25,39
33,30
18
25,40
33,30
19
25,41
33,30
20
25,42
33,30
21
25,43
33,30
22
25,44
33,30
23
25,45
33,30
24
25,46
33,30
28
25,47
33,30
33
25,48
33,30
36
25,49
33,30
41
25,50
33,30
46
25,51
33,30
51
25,52
33,30
54
25,53
33,30
57
25,54
33,30
58
25,55
33,30
59
25,56
33,30
62
25,57
33,30
64
25,58
33,30
65
25,59
33,30
66
25,60
33,30
71
25,61
33,30
74
25,62
33,30
79
25,63
33,30
85
25,64
33,30
90
25,65
33,30
96
25,66
33,30
100
26,0
33,30
83
26,1
33,30
80
26,2
33,30
79
26,3
33,30
80
26,4
33,30
81
26,5
33,30
80
26,6
33,30
79
26,7
33,30
78
26,8
33,30
75
26,9
33,30
70
26,10
33,30
66
26,11
33,30
59
26,12
33,30
54
26,13
33,30
52
26,14
33,30
49
26,15
33,30
50
26,16
33,30
49
26,17
33,30
44
26,18
33,30
39
26,19
33,30
34
26,20
33,30
31
26,21
33,30
32
26,22
33,30
35
26,23
33,30
38
26,24
33,30
41
26,25
33,30
41
26,26
33,30
40
26,27
33,30
39
26,28
33,30
40
26,29
33,30
39
26,30
33,30
36
26,31
33,30
34
26,32
33,30
33
26,33
33,30
32
26,34
33,30
29
26,35
33,30
28
26,36
33,30
23
26,37
33,30
18
26,38
33,30
16
26,39
33,30
17
26,40
33,30
18
26,41
33,30
19
26,42
33,30
20
26,43
33,30
21
26,44
33,30
22
26,45
33,30
23
26,46
33,30
25
26,47
33,30
28
26,48
33,30
31
26,49
33,30
36
26,50
33,30
41
26,51
33,30
46
26,52
33,30
49
26,53
33,30
52
26,54
33,30
55
26,55
33,30
54
26,56
33,30
57
26,57
33,30
60
26,58
33,30
63
26,59
33,30
64
26,60
33,30
68
26,61
33,30
73
26,62
33,30
76
26,63
33,30
82
26,64
33,30
87
26,65
33,30
93
26,66
33,30
96
27,0
33,30
80
27,1
33,30
77
27,2
33,30
75
27,3
33,30
75
27,4
33,30
74
27,5
33,30
75
27,6
33,30
76
27,7
33,30
75
27,8
33,30
70
27,9
33,30
66
27,10
33,30
61
27,11
33,30
54
27,12
33,30
50
27,13
33,30
47
27,14
33,30
44
27,15
33,30
45
27,16
33,30
44
27,17
33,30
41
27,18
33,30
36
27,19
33,30
29
27,20
33,30
26
27,21
33,30
27
27,22
33,30
28
27,23
33,30
31
27,24
33,30
34
27,25
33,30
37
27,26
33,30
36
27,27
33,30
35
27,28
33,30
36
27,29
33,30
35
27,30
33,30
34
27,31
33,30
31
27,32
33,30
30
27,33
33,30
27
27,34
33,30
26
27,35
33,30
25
27,36
33,30
20
27,37
33,30
15
27,38
33,30
15
27,39
33,30
16
27,40
33,30
17
27,41
33,30
18
27,42
33,30
19
27,43
33,30
20
27,44
33,30
21
27,45
33,30
22
27,46
33,30
23
27,47
33,30
25
27,48
33,30
28
27,49
33,30
33
27,50
33,30
36
27,51
33,30
41
27,52
33,30
44
27,53
33,30
47
27,54
33,30
50
27,55
33,30
51
27,56
33,30
52
27,57
33,30
57
27,58
33,30
60
27,59
33,30
63
27,60
33,30
65
27,61
33,30
70
27,62
33,30
75
27,63
33,30
80
27,64
33,30
84
27,65
33,30
89
27,66
33,30
91
28,0
33,30
76
28,1
33,30
73
28,2
33,30
70
28,3
33,30
69
28,4
33,30
70
28,5
33,30
71
28,6
33,30
71
28,7
33,30
70
28,8
33,30
68
28,9
33,30
63
28,10
33,30
56
28,11
33,30
50
28,12
33,30
45
28,13
33,30
42
28,14
33,30
39
28,15
33,30
40
28,16
33,30
39
28,17
33,30
38
28,18
33,30
33
28,19
33,30
28
28,20
33,30
23
28,21
33,30
22
28,22
33,30
23
28,23
33,30
26
28,24
33,30
29
28,25
33,30
30
28,26
33,30
29
28,27
33,30
30
28,28
33,30
31
28,29
33,30
30
28,30
33,30
29
28,31
33,30
26
28,32
33,30
25
28,33
33,30
24
28,34
33,30
23
28,35
33,30
20
28,36
33,30
17
28,37
33,30
13
28,38
33,30
14
28,39
33,30
15
28,40
33,30
16
28,41
33,30
17
28,42
33,30
18
28,43
33,30
19
28,44
33,30
20
28,45
33,30
21
28,46
33,30
22
28,47
33,30
23
28,48
33,30
25
28,49
33,30
30
28,50
33,30
33
28,51
33,30
36
28,52
33,30
39
28,53
33,30
42
28,54
33,30
45
28,55
33,30
48
28,56
33,30
49
28,57
33,30
54
28,58
33,30
57
28,59
33,30
60
28,60
33,30
64
28,61
33,30
69
28,62
33,30
72
28,63
33,30
75
28,64
33,30
80
28,65
33,30
84
28,66
33,30
87
29,0
33,30
73
29,1
33,30
68
29,2
33,30
63
29,3
33,30
64
29,4
33,30
65
29,5
33,30
66
29,6
33,30
65
29,7
33,30
64
29,8
33,30
63
29,9
33,30
58
29,10
33,30
53
29,11
33,30
47
29,12
33,30
42
29,13
33,30
37
29,14
33,30
36
29,15
33,30
35
29,16
33,30
34
29,17
33,30
35
29,18
33,30
30
29,19
33,30
25
29,20
33,30
22
29,21
33,30
19
29,22
33,30
18
29,23
33,30
23
29,24
33,30
24
29,25
33,30
25
29,26
33,30
24
29,27
33,30
23
29,28
33,30
24
29,29
33,30
23
29,30
33,30
22
29,31
33,30
21
29,32
33,30
20
29,33
33,30
19
29,34
33,30
16
29,35
33,30
15
29,36
33,30
12
29,37
33,30
12
29,38
33,30
13
29,39
33,30
14
29,40
33,30
15
29,41
33,30
16
29,42
33,30
17
29,43
33,30
18
29,44
33,30
19
29,45
33,30
20
29,46
33,30
21
29,47
33,30
22
29,48
33,30
23
29,49
33,30
25
29,50
33,30
28
29,51
33,30
29
29,52
33,30
32
29,53
33,30
35
29,54
33,30
38
29,55
33,30
43
29,56
33,30
46
29,57
33,30
49
29,58
33,30
54
29,59
33,30
57
29,60
33,30
62
29,61
33,30
66
29,62
33,30
67
29,63
33,30
70
29,64
33,30
73
29,65
33,30
78
29,66
33,30
82
30,0
33,30
68
30,1
33,30
63
30,2
33,30
59
30,3
33,30
56
30,4
33,30
57
30,5
33,30
57
30,6
33,30
56
30,7
33,30
59
30,8
33,30
58
30,9
33,30
55
30,10
33,30
51
30,11
33,30
46
30,12
33,30
39
30,13
33,30
34
30,14
33,30
31
30,15
33,30
30
30,16
33,30
31
30,17
33,30
30
30,18
33,30
27
30,19
33,30
24
30,20
33,30
19
30,21
33,30
16
30,22
33,30
15
30,23
33,30
18
30,24
33,30
19
30,25
33,30
20
30,26
33,30
19
30,27
33,30
16
30,28
33,30
17
30,29
33,30
16
30,30
33,30
15
30,31
33,30
16
30,32
33,30
15
30,33
33,30
14
30,34
33,30
11
30,35
33,30
9
30,36
33,30
10
30,37
33,30
11
30,38
33,30
12
30,39
33,30
13
30,40
33,30
14
30,41
33,30
15
30,42
33,30
16
30,43
33,30
17
30,44
33,30
18
30,45
33,30
19
30,46
33,30
20
30,47
33,30
21
30,48
33,30
22
30,49
33,30
23
30,50
33,30
24
30,51
33,30
25
30,52
33,30
27
30,53
33,30
30
30,54
33,30
33
30,55
33,30
38
30,56
33,30
41
30,57
33,30
44
30,58
33,30
49
30,59
33,30
54
30,60
33,30
57
30,61
33,30
62
30,62
33,30
63
30,63
33,30
65
30,64
33,30
68
30,65
33,30
73
30,66
33,30
78
31,0
33,30
65
31,1
33,30
59
31,2
33,30
54
31,3
33,30
51
31,4
33,30
50
31,5
33,30
51
31,6
33,30
52
31,7
33,30
53
31,8
33,30
53
31,9
33,30
52
31,10
33,30
50
31,11
33,30
43
31,12
33,30
36
31,13
33,30
31
31,14
33,30
26
31,15
33,30
27
31,16
33,30
26
31,17
33,30
27
31,18
33,30
26
31,19
33,30
21
31,20
33,30
18
31,21
33,30
13
31,22
33,30
11
31,23
33,30
15
31,24
33,30
16
31,25
33,30
17
31,26
33,30
14
31,27
33,30
13
31,28
33,30
12
31,29
33,30
11
31,30
33,30
10
31,31
33,30
11
31,32
33,30
12
31,33
33,30
9
31,34
33,30
7
31,35
33,30
8
31,36
33,30
9
31,37
33,30
10
31,38
33,30
11
31,39
33,30
12
31,40
33,30
13
31,41
33,30
14
31,42
33,30
15
31,43
33,30
16
31,44
33,30
17
31,45
33,30
18
31,46
33,30
19
31,47
33,30
20
31,48
33,30
21
31,49
33,30
22
31,50
33,30
23
31,51
33,30
24
31,52
33,30
25
31,53
33,30
27
31,54
33,30
30
31,55
33,30
35
31,56
33,30
38
31,57
33,30
41
31,58
33,30
44
31,59
33,30
49
31,60
33,30
54
31,61
33,30
57
31,62
33,30
58
31,63
33,30
63
31,64
33,30
65
31,65
33,30
70
31,66
33,30
77
32,0
33,30
62
32,1
33,30
58
32,2
33,30
51
32,3
33,30
48
32,4
33,30
47
32,5
33,30
48
32,6
33,30
47
32,7
33,30
46
32,8
33,30
45
32,9
33,30
46
32,10
33,30
45
32,11
33,30
42
32,12
33,30
35
32,13
33,30
28
32,14
33,30
23
32,15
33,30
22
32,16
33,30
21
32,17
33,30
22
32,18
33,30
23
32,19
33,30
20
32,20
33,30
13
32,21
33,30
11
32,22
33,30
10
32,23
33,30
10
32,24
33,30
11
32,25
33,30
12
32,26
33,30
11
32,27
33,30
8
32,28
33,30
5
32,29
33,30
4
32,30
33,30
3
32,31
33,30
4
32,32
33,30
5
32,33
33,30
5
32,34
33,30
6
32,35
33,30
7
32,36
33,30
8
32,37
33,30
9
32,38
33,30
10
32,39
33,30
11
32,40
33,30
12
32,41
33,30
13
32,42
33,30
14
32,43
33,30
15
32,44
33,30
16
32,45
33,30
17
32,46
33,30
18
32,47
33,30
19
32,48
33,30
20
32,49
33,30
21
32,50
33,30
22
32,51
33,30
23
32,52
33,30
24
32,53
33,30
25
32,54
33,30
27
32,55
33,30
28
32,56
33,30
31
32,57
33,30
36
32,58
33,30
41
32,59
33,30
44
32,60
33,30
49
32,61
33,30
52
32,62
33,30
55
32,63
33,30
60
32,64
33,30
63
32,65
33,30
67
32,66
33,30
74
33,0
33,30
59
33,1
33,30
53
33,2
33,30
48
33,3
33,30
43
33,4
33,30
42
33,5
33,30
41
33,6
33,30
42
33,7
33,30
41
33,8
33,30
42
33,9
33,30
41
33,10
33,30
40
33,11
33,30
39
33,12
33,30
34
33,13
33,30
27
33,14
33,30
22
33,15
33,30
19
33,16
33,30
16
33,17
33,30
17
33,18
33,30
18
33,19
33,30
15
33,20
33,30
11
33,21
33,30
10
33,22
33,30
9
33,23
33,30
8
33,24
33,30
7
33,25
33,30
7
33,26
33,30
6
33,27
33,30
5
33,28
33,30
3
33,29
33,30
2
33,30
33,30
1
33,31
33,30
2
33,32
33,30
3
33,33
33,30
4
33,34
33,30
5
33,35
33,30
6
33,36
33,30
7
33,37
33,30
8
33,38
33,30
9
33,39
33,30
10
33,40
33,30
11
33,41
33,30
12
33,42
33,30
13
33,43
33,30
14
33,44
33,30
15
33,45
33,30
16
33,46
33,30
17
33,47
33,30
18
33,48
33,30
19
33,49
33,30
20
33,50
33,30
21
33,51
33,30
22
33,52
33,30
23
33,53
33,30
24
33,54
33,30
25
33,55
33,30
26
33,56
33,30
27
33,57
33,30
31
33,58
33,30
36
33,59
33,30
39
33,60
33,30
44
33,61
33,30
47
33,62
33,30
50
33,63
33,30
57
33,64
33,30
60
33,65
33,30
64
33,66
33,30
71
34,0
33,30
59
34,1
33,30
54
34,2
33,30
47
34,3
33,30
42
34,4
33,30
39
34,5
33,30
38
34,6
33,30
37
34,7
33,30
36
34,8
33,30
37
34,9
33,30
38
34,10
33,30
37
34,11
33,30
36
34,12
33,30
33
34,13
33,30
26
34,14
33,30
23
34,15
33,30
18
34,16
33,30
16
34,17
33,30
15
34,18
33,30
14
34,19
33,30
14
34,20
33,30
12
34,21
33,30
11
34,22
33,30
10
34,23
33,30
9
34,24
33,30
8
34,25
33,30
7
34,26
33,30
6
34,27
33,30
5
34,28
33,30
4
34,29
33,30
3
34,30
33,30
2
34,31
33,30
3
34,32
33,30
4
34,33
33,30
5
34,34
33,30
6
34,35
33,30
7
34,36
33,30
8
34,37
33,30
9
34,38
33,30
10
34,39
33,30
11
34,40
33,30
12
34,41
33,30
13
34,42
33,30
14
34,43
33,30
15
34,44
33,30
16
34,45
33,30
17
34,46
33,30
18
34,47
33,30
19
34,48
33,30
20
34,49
33,30
21
34,50
33,30
22
34,51
33,30
23
34,52
33,30
24
34,53
33,30
25
34,54
33,30
26
34,55
33,30
27
34,56
33,30
28
34,57
33,30
29
34,58
33,30
33
34,59
33,30
36
34,60
33,30
41
34,61
33,30
46
34,62
33,30
49
34,63
33,30
54
34,64
33,30
57
34,65
33,30
64
34,66
33,30
70
35,0
33,30
60
35,1
33,30
55
35,2
33,30
48
35,3
33,30
43
35,4
33,30
40
35,5
33,30
35
35,6
33,30
34
35,7
33,30
33
35,8
33,30
32
35,9
33,30
33
35,10
33,30
34
35,11
33,30
33
35,12
33,30
30
35,13
33,30
27
35,14
33,30
22
35,15
33,30
18
35,16
33,30
17
35,17
33,30
16
35,18
33,30
15
35,19
33,30
14
35,20
33,30
13
35,21
33,30
12
35,22
33,30
11
35,23
33,30
10
35,24
33,30
9
35,25
33,30
8
35,26
33,30
7
35,27
33,30
6
35,28
33,30
5
35,29
33,30
4
35,30
33,30
3
35,31
33,30
4
35,32
33,30
5
35,33
33,30
6
35,34
33,30
7
35,35
33,30
8
35,36
33,30
9
35,37
33,30
10
35,38
33,30
11
35,39
33,30
12
35,40
33,30
13
35,41
33,30
14
35,42
33,30
15
35,43
33,30
16
35,44
33,30
17
35,45
33,30
18
35,46
33,30
19
35,47
33,30
20
35,48
33,30
21
35,49
33,30
22
35,50
33,30
23
35,51
33,30
24
35,52
33,30
25
35,53
33,30
26
35,54
33,30
27
35,55
33,30
28
35,56
33,30
29
35,57
33,30
30
35,58
33,30
31
35,59
33,30
33
35,60
33,30
38
35,61
33,30
43
35,62
33,30
46
35,63
33,30
51
35,64
33,30
56
35,65
33,30
61
35,66
33,30
67
36,0
33,30
61
36,1
33,30
56
36,2
33,30
51
36,3
33,30
46
36,4
33,30
41
36,5
33,30
36
36,6
33,30
33
36,7
33,30
30
36,8
33,30
31
36,9
33,30
30
36,10
33,30
31
36,11
33,30
30
36,12
33,30
29
36,13
33,30
24
36,14
33,30
21
36,15
33,30
19
36,16
33,30
18
36,17
33,30
17
36,18
33,30
16
36,19
33,30
15
36,20
33,30
14
36,21
33,30
13
36,22
33,30
12
36,23
33,30
11
36,24
33,30
10
36,25
33,30
9
36,26
33,30
8
36,27
33,30
7
36,28
33,30
6
36,29
33,30
5
36,30
33,30
4
36,31
33,30
5
36,32
33,30
6
36,33
33,30
7
36,34
33,30
8
36,35
33,30
9
36,36
33,30
10
36,37
33,30
11
36,38
33,30
12
36,39
33,30
13
36,40
33,30
14
36,41
33,30
15
36,42
33,30
16
36,43
33,30
17
36,44
33,30
18
36,45
33,30
19
36,46
33,30
20
36,47
33,30
21
36,48
33,30
22
36,49
33,30
23
36,50
33,30
24
36,51
33,30
25
36,52
33,30
26
36,53
33,30
27
36,54
33,30
28
36,55
33,30
29
36,56
33,30
30
36,57
33,30
31
36,58
33,30
32
36,59
33,30
33
36,60
33,30
35
36,61
33,30
40
36,62
33,30
43
36,63
33,30
50
36,64
33,30
53
36,65
33,30
60
36,66
33,30
65
37,0
33,30
62
37,1
33,30
57
37,2
33,30
52
37,3
33,30
47
37,4
33,30
42
37,5
33,30
37
37,6
33,30
32
37,7
33,30
31
37,8
33,30
30
37,9
33,30
27
37,10
33,30
28
37,11
33,30
27
37,12
33,30
24
37,13
33,30
22
37,14
33,30
21
37,15
33,30
20
37,16
33,30
19
37,17
33,30
18
37,18
33,30
17
37,19
33,30
16
37,20
33,30
15
37,21
33,30
14
37,22
33,30
13
37,23
33,30
12
37,24
33,30
11
37,25
33,30
10
37,26
33,30
9
37,27
33,30
8
37,28
33,30
7
37,29
33,30
6
37,30
33,30
5
37,31
33,30
6
37,32
33,30
7
37,33
33,30
8
37,34
33,30
9
37,35
33,30
10
37,36
33,30
11
37,37
33,30
12
37,38
33,30
13
37,39
33,30
14
37,40
33,30
15
37,41
33,30
16
37,42
33,30
17
37,43
33,30
18
37,44
33,30
19
37,45
33,30
20
37,46
33,30
21
37,47
33,30
22
37,48
33,30
23
37,49
33,30
24
37,50
33,30
25
37,51
33,30
26
37,52
33,30
27
37,53
33,30
28
37,54
33,30
29
37,55
33,30
30
37,56
33,30
31
37,57
33,30
32
37,58
33,30
33
37,59
33,30
34
37,60
33,30
35
37,61
33,30
37
37,62
33,30
40
37,63
33,30
49
37,64
33,30
52
37,65
33,30
57
37,66
33,30
62
38,0
33,30
64
38,1
33,30
60
38,2
33,30
55
38,3
33,30
52
38,4
33,30
47
38,5
33,30
40
38,6
33,30
35
38,7
33,30
32
38,8
33,30
29
38,9
33,30
27
38,10
33,30
26
38,11
33,30
25
38,12
33,30
24
38,13
33,30
23
38,14
33,30
22
38,15
33,30
21
38,16
33,30
20
38,17
33,30
19
38,18
33,30
18
38,19
33,30
17
38,20
33,30
16
38,21
33,30
15
38,22
33,30
14
38,23
33,30
13
38,24
33,30
12
38,25
33,30
11
38,26
33,30
10
38,27
33,30
9
38,28
33,30
8
38,29
33,30
7
38,30
33,30
6
38,31
33,30
7
38,32
33,30
8
38,33
33,30
9
38,34
33,30
10
38,35
33,30
11
38,36
33,30
12
38,37
33,30
13
38,38
33,30
14
38,39
33,30
15
38,40
33,30
16
38,41
33,30
17
38,42
33,30
18
38,43
33,30
19
38,44
33,30
20
38,45
33,30
21
38,46
33,30
22
38,47
33,30
23
38,48
33,30
24
38,49
33,30
25
38,50
33,30
26
38,51
33,30
27
38,52
33,30
28
38,53
33,30
29
38,54
33,30
30
38,55
33,30
31
38,56
33,30
32
38,57
33,30
33
38,58
33,30
34
38,59
33,30
35
38,60
33,30
37
38,61
33,30
40
38,62
33,30
43
38,63
33,30
48
38,64
33,30
51
38,65
33,30
54
38,66
33,30
59
39,0
33,30
67
39,1
33,30
63
39,2
33,30
60
39,3
33,30
57
39,4
33,30
52
39,5
33,30
45
39,6
33,30
40
39,7
33,30
33
39,8
33,30
30
39,9
33,30
28
39,10
33,30
27
39,11
33,30
26
39,12
33,30
25
39,13
33,30
24
39,14
33,30
23
39,15
33,30
22
39,16
33,30
21
39,17
33,30
20
39,18
33,30
19
39,19
33,30
18
39,20
33,30
17
39,21
33,30
16
39,22
33,30
15
39,23
33,30
14
39,24
33,30
13
39,25
33,30
12
39,26
33,30
11
39,27
33,30
10
39,28
33,30
9
39,29
33,30
8
39,30
33,30
7
39,31
33,30
8
39,32
33,30
9
39,33
33,30
10
39,34
33,30
11
39,35
33,30
12
39,36
33,30
13
39,37
33,30
14
39,38
33,30
15
39,39
33,30
16
39,40
33,30
17
39,41
33,30
18
39,42
33,30
19
39,43
33,30
20
39,44
33,30
21
39,45
33,30
22
39,46
33,30
23
39,47
33,30
24
39,48
33,30
25
39,49
33,30
26
39,50
33,30
27
39,51
33,30
28
39,52
33,30
29
39,53
33,30
30
39,54
33,30
31
39,55
33,30
32
39,56
33,30
33
39,57
33,30
34
39,58
33,30
36
39,59
33,30
39
39,60
33,30
42
39,61
33,30
45
39,62
33,30
46
39,63
33,30
47
39,64
33,30
50
39,65
33,30
53
39,66
33,30
56
40,0
33,30
72
40,1
33,30
67
40,2
33,30
64
40,3
33,30
60
40,4
33,30
53
40,5
33,30
46
40,6
33,30
41
40,7
33,30
38
40,8
33,30
33
40,9
33,30
29
40,10
33,30
28
40,11
33,30
27
40,12
33,30
26
40,13
33,30
25
40,14
33,30
24
40,15
33,30
23
40,16
33,30
22
40,17
33,30
21
40,18
33,30
20
40,19
33,30
19
40,20
33,30
18
40,21
33,30
17
40,22
33,30
16
40,23
33,30
15
40,24
33,30
14
40,25
33,30
13
40,26
33,30
12
40,27
33,30
11
40,28
33,30
10
40,29
33,30
9
40,30
33,30
8
40,31
33,30
9
40,32
33,30
10
40,33
33,30
11
40,34
33,30
12
40,35
33,30
13
40,36
33,30
14
40,37
33,30
15
40,38
33,30
16
40,39
33,30
17
40,40
33,30
18
40,41
33,30
19
40,42
33,30
20
40,43
33,30
21
40,44
33,30
22
40,45
33,30
23
40,46
33,30
24
40,47
33,30
25
40,48
33,30
26
40,49
33,30
27
40,50
33,30
28
40,51
33,30
29
40,52
33,30
31
40,53
33,30
34
40,54
33,30
35
40,55
33,30
34
40,56
33,30
37
40,57
33,30
40
40,58
33,30
43
40,59
33,30
48
40,60
33,30
49
40,61
33,30
52
40,62
33,30
51
40,63
33,30
50
40,64
33,30
51
40,65
33,30
52
40,66
33,30
55
41,0
33,30
75
41,1
33,30
70
41,2
33,30
65
41,3
33,30
59
41,4
33,30
54
41,5
33,30
47
41,6
33,30
42
41,7
33,30
37
41,8
33,30
32
41,9
33,30
30
41,10
33,30
29
41,11
33,30
28
41,12
33,30
27
41,13
33,30
26
41,14
33,30
25
41,15
33,30
24
41,16
33,30
23
41,17
33,30
22
41,18
33,30
21
41,19
33,30
20
41,20
33,30
19
41,21
33,30
18
41,22
33,30
17
41,23
33,30
16
41,24
33,30
15
41,25
33,30
14
41,26
33,30
13
41,27
33,30
12
41,28
33,30
11
41,29
33,30
10
41,30
33,30
9
41,31
33,30
10
41,32
33,30
11
41,33
33,30
12
41,34
33,30
13
41,35
33,30
14
41,36
33,30
15
41,37
33,30
16
41,38
33,30
17
41,39
33,30
18
41,40
33,30
19
41,41
33,30
20
41,42
33,30
21
41,43
33,30
22
41,44
33,30
23
41,45
33,30
24
41,46
33,30
25
41,47
33,30
26
41,48
33,30
27
41,49
33,30
28
41,50
33,30
29
41,51
33,30
31
41,52
33,30
36
41,53
33,30
39
41,54
33,30
40
41,55
33,30
41
41,56
33,30
42
41,57
33,30
45
41,58
33,30
48
41,59
33,30
53
41,60
33,30
56
41,61
33,30
57
41,62
33,30
58
41,63
33,30
57
41,64
33,30
58
41,65
33,30
57
41,66
33,30
56
42,0
33,30
78
42,1
33,30
71
42,2
33,30
66
42,3
33,30
60
42,4
33,30
53
42,5
33,30
46
42,6
33,30
43
42,7
33,30
36
42,8
33,30
33
42,9
33,30
31
42,10
33,30
30
42,11
33,30
29
42,12
33,30
28
42,13
33,30
27
42,14
33,30
26
42,15
33,30
25
42,16
33,30
24
42,17
33,30
23
42,18
33,30
22
42,19
33,30
21
42,20
33,30
20
42,21
33,30
19
42,22
33,30
18
42,23
33,30
17
42,24
33,30
16
42,25
33,30
15
42,26
33,30
14
42,27
33,30
13
42,28
33,30
12
42,29
33,30
11
42,30
33,30
10
42,31
33,30
11
42,32
33,30
12
42,33
33,30
13
42,34
33,30
14
42,35
33,30
15
42,36
33,30
16
42,37
33,30
17
42,38
33,30
18
42,39
33,30
19
42,40
33,30
20
42,41
33,30
21
42,42
33,30
22
42,43
33,30
23
42,44
33,30
24
42,45
33,30
25
42,46
33,30
27
42,47
33,30
30
42,48
33,30
33
42,49
33,30
36
42,50
33,30
37
42,51
33,30
40
42,52
33,30
45
42,53
33,30
48
42,54
33,30
47
42,55
33,30
48
42,56
33,30
51
42,57
33,30
52
42,58
33,30
57
42,59
33,30
60
42,60
33,30
63
42,61
33,30
64
42,62
33,30
65
42,63
33,30
66
42,64
33,30
65
42,65
33,30
64
42,66
33,30
63
43,0
33,30
77
43,1
33,30
72
43,2
33,30
66
43,3
33,30
59
43,4
33,30
52
43,5
33,30
47
43,6
33,30
44
43,7
33,30
39
43,8
33,30
34
43,9
33,30
32
43,10
33,30
31
43,11
33,30
30
43,12
33,30
29
43,13
33,30
28
43,14
33,30
27
43,15
33,30
26
43,16
33,30
25
43,17
33,30
24
43,18
33,30
23
43,19
33,30
22
43,20
33,30
21
43,21
33,30
20
43,22
33,30
19
43,23
33,30
18
43,24
33,30
17
43,25
33,30
16
43,26
33,30
15
43,27
33,30
14
43,28
33,30
13
43,29
33,30
12
43,30
33,30
11
43,31
33,30
12
43,32
33,30
13
43,33
33,30
14
43,34
33,30
15
43,35
33,30
16
43,36
33,30
17
43,37
33,30
18
43,38
33,30
19
43,39
33,30
20
43,40
33,30
21
43,41
33,30
22
43,42
33,30
23
43,43
33,30
24
43,44
33,30
25
43,45
33,30
29
43,46
33,30
32
43,47
33,30
37
43,48
33,30
40
43,49
33,30
43
43,50
33,30
44
43,51
33,30
47
43,52
33,30
52
43,53
33,30
55
43,54
33,30
56
43,55
33,30
57
43,56
33,30
58
43,57
33,30
59
43,58
33,30
62
43,59
33,30
67
43,60
33,30
69
43,61
33,30
70
43,62
33,30
71
43,63
33,30
71
43,64
33,30
72
43,65
33,30
71
43,66
33,30
70
44,0
33,30
76
44,1
33,30
69
44,2
33,30
63
44,3
33,30
58
44,4
33,30
53
44,5
33,30
48
44,6
33,30
45
44,7
33,30
40
44,8
33,30
35
44,9
33,30
33
44,10
33,30
32
44,11
33,30
31
44,12
33,30
30
44,13
33,30
29
44,14
33,30
28
44,15
33,30
27
44,16
33,30
26
44,17
33,30
25
44,18
33,30
24
44,19
33,30
23
44,20
33,30
22
44,21
33,30
21
44,22
33,30
20
44,23
33,30
19
44,24
33,30
18
44,25
33,30
17
44,26
33,30
16
44,27
33,30
15
44,28
33,30
14
44,29
33,30
13
44,30
33,30
12
44,31
33,30
13
44,32
33,30
14
44,33
33,30
15
44,34
33,30
16
44,35
33,30
17
44,36
33,30
18
44,37
33,30
19
44,38
33,30
20
44,39
33,30
21
44,40
33,30
22
44,41
33,30
23
44,42
33,30
24
44,43
33,30
25
44,44
33,30
27
44,45
33,30
32
44,46
33,30
37
44,47
33,30
42
44,48
33,30
45
44,49
33,30
50
44,50
33,30
51
44,51
33,30
52
44,52
33,30
57
44,53
33,30
60
44,54
33,30
61
44,55
33,30
62
44,56
33,30
63
44,57
33,30
64
44,58
33,30
67
44,59
33,30
69
44,60
33,30
72
44,61
33,30
75
44,62
33,30
76
44,63
33,30
77
44,64
33,30
76
44,65
33,30
75
44,66
33,30
75
45,0
33,30
75
45,1
33,30
70
45,2
33,30
64
45,3
33,30
59
45,4
33,30
56
45,5
33,30
51
45,6
33,30
48
45,7
33,30
41
45,8
33,30
38
45,9
33,30
35
45,10
33,30
33
45,11
33,30
32
45,12
33,30
31
45,13
33,30
30
45,14
33,30
29
45,15
33,30
28
45,16
33,30
27
45,17
33,30
26
45,18
33,30
25
45,19
33,30
24
45,20
33,30
23
45,21
33,30
22
45,22
33,30
21
45,23
33,30
20
45,24
33,30
19
45,25
33,30
18
45,26
33,30
17
45,27
33,30
16
45,28
33,30
15
45,29
33,30
14
45,30
33,30
13
45,31
33,30
14
45,32
33,30
15
45,33
33,30
16
45,34
33,30
17
45,35
33,30
18
45,36
33,30
19
45,37
33,30
21
45,38
33,30
22
45,39
33,30
23
45,40
33,30
24
45,41
33,30
27
45,42
33,30
28
45,43
33,30
29
45,44
33,30
32
45,45
33,30
35
45,46
33,30
40
45,47
33,30
45
45,48
33,30
50
45,49
33,30
53
45,50
33,30
56
45,51
33,30
59
45,52
33,30
62
45,53
33,30
64
45,54
33,30
67
45,55
33,30
68
45,56
33,30
67
45,57
33,30
68
45,58
33,30
71
45,59
33,30
74
45,60
33,30
79
45,61
33,30
80
45,62
33,30
81
45,63
33,30
82
45,64
33,30
81
45,65
33,30
80
45,66
33,30
77
46,0
33,30
76
46,1
33,30
71
46,2
33,30
69
46,3
33,30
64
46,4
33,30
59
46,5
33,30
56
46,6
33,30
51
46,7
33,30
46
46,8
33,30
43
46,9
33,30
40
46,10
33,30
37
46,11
33,30
36
46,12
33,30
33
46,13
33,30
31
46,14
33,30
30
46,15
33,30
29
46,16
33,30
28
46,17
33,30
27
46,18
33,30
26
46,19
33,30
25
46,20
33,30
24
46,21
33,30
23
46,22
33,30
22
46,23
33,30
21
46,24
33,30
20
46,25
33,30
20
46,26
33,30
19
46,27
33,30
17
46,28
33,30
16
46,29
33,30
15
46,30
33,30
14
46,31
33,30
16
46,32
33,30
17
46,33
33,30
17
46,34
33,30
19
46,35
33,30
22
46,36
33,30
23
46,37
33,30
26
46,38
33,30
27
46,39
33,30
28
46,40
33,30
31
46,41
33,30
32
46,42
33,30
33
46,43
33,30
34
46,44
33,30
35
46,45
33,30
40
46,46
33,30
43
46,47
33,30
48
46,48
33,30
53
46,49
33,30
58
46,50
33,30
61
46,51
33,30
63
46,52
33,30
66
46,53
33,30
71
46,54
33,30
72
46,55
33,30
75
46,56
33,30
74
46,57
33,30
75
46,58
33,30
78
46,59
33,30
81
46,60
33,30
84
46,61
33,30
86
46,62
33,30
87
46,63
33,30
88
46,64
33,30
88
46,65
33,30
85
46,66
33,30
82
47,0
33,30
79
47,1
33,30
76
47,2
33,30
71
47,3
33,30
67
47,4
33,30
62
47,5
33,30
59
47,6
33,30
56
47,7
33,30
51
47,8
33,30
48
47,9
33,30
45
47,10
33,30
42
47,11
33,30
41
47,12
33,30
36
47,13
33,30
32
47,14
33,30
31
47,15
33,30
30
47,16
33,30
29
47,17
33,30
28
47,18
33,30
27
47,19
33,30
26
47,20
33,30
25
47,21
33,30
24
47,22
33,30
23
47,23
33,30
22
47,24
33,30
24
47,25
33,30
25
47,26
33,30
24
47,27
33,30
21
47,28
33,30
18
47,29
33,30
17
47,30
33,30
18
47,31
33,30
21
47,32
33,30
20
47,33
33,30
21
47,34
33,30
22
47,35
33,30
25
47,36
33,30
28
47,37
33,30
29
47,38
33,30
32
47,39
33,30
33
47,40
33,30
34
47,41
33,30
35
47,42
33,30
36
47,43
33,30
37
47,44
33,30
38
47,45
33,30
43
47,46
33,30
46
47,47
33,30
49
47,48
33,30
56
47,49
33,30
61
47,50
33,30
63
47,51
33,30
66
47,52
33,30
71
47,53
33,30
74
47,54
33,30
77
47,55
33,30
80
47,56
33,30
79
47,57
33,30
80
47,58
33,30
83
47,59
33,30
85
47,60
33,30
88
47,61
33,30
91
47,62
33,30
92
47,63
33,30
91
47,64
33,30
90
47,65
33,30
90
47,66
33,30
85
48,0
33,30
86
48,1
33,30
81
48,2
33,30
76
48,3
33,30
70
48,4
33,30
65
48,5
33,30
62
48,6
33,30
59
48,7
33,30
56
48,8
33,30
53
48,9
33,30
48
48,10
33,30
45
48,11
33,30
42
48,12
33,30
37
48,13
33,30
33
48,14
33,30
32
48,15
33,30
31
48,16
33,30
30
48,17
33,30
29
48,18
33,30
28
48,19
33,30
27
48,20
33,30
26
48,21
33,30
25
48,22
33,30
24
48,23
33,30
24
48,24
33,30
25
48,25
33,30
26
48,26
33,30
27
48,27
33,30
28
48,28
33,30
27
48,29
33,30
26
48,30
33,30
25
48,31
33,30
28
48,32
33,30
29
48,33
33,30
28
48,34
33,30
27
48,35
33,30
28
48,36
33,30
31
48,37
33,30
34
48,38
33,30
37
48,39
33,30
38
48,40
33,30
41
48,41
33,30
42
48,42
33,30
43
48,43
33,30
42
48,44
33,30
43
48,45
33,30
44
48,46
33,30
47
48,47
33,30
52
48,48
33,30
57
48,49
33,30
62
48,50
33,30
68
48,51
33,30
73
48,52
33,30
76
48,53
33,30
79
48,54
33,30
80
48,55
33,30
86
48,56
33,30
87
48,57
33,30
88
48,58
33,30
89
48,59
33,30
92
48,60
33,30
94
48,61
33,30
97
48,62
33,30
100
48,63
33,30
99
48,64
33,30
98
48,65
33,30
98
48,66
33,30
93
49,0
33,30
88
49,1
33,30
84
49,2
33,30
77
49,3
33,30
72
49,4
33,30
68
49,5
33,30
65
49,6
33,30
64
49,7
33,30
59
49,8
33,30
56
49,9
33,30
51
49,10
33,30
46
49,11
33,30
43
49,12
33,30
38
49,13
33,30
35
49,14
33,30
33
49,15
33,30
32
49,16
33,30
31
49,17
33,30
30
49,18
33,30
29
49,19
33,30
28
49,20
33,30
27
49,21
33,30
26
49,22
33,30
25
49,23
33,30
27
49,24
33,30
28
49,25
33,30
31
49,26
33,30
32
49,27
33,30
33
49,28
33,30
32
49,29
33,30
31
49,30
33,30
30
49,31
33,30
33
49,32
33,30
32
49,33
33,30
33
49,34
33,30
32
49,35
33,30
33
49,36
33,30
36
49,37
33,30
39
49,38
33,30
40
49,39
33,30
43
49,40
33,30
46
49,41
33,30
47
49,42
33,30
46
49,43
33,30
45
49,44
33,30
46
49,45
33,30
47
49,46
33,30
50
49,47
33,30
53
49,48
33,30
58
49,49
33,30
64
49,50
33,30
69
49,51
33,30
74
49,52
33,30
79
49,53
33,30
81
49,54
33,30
84
49,55
33,30
89
49,56
33,30
90
49,57
33,30
92
49,58
33,30
93
49,59
33,30
96
49,60
33,30
97
49,61
33,30
100
49,62
33,30
103
49,63
33,30
102
49,64
33,30
103
49,65
33,30
100
49,66
33,30
98
50,0
33,30
89
50,1
33,30
85
50,2
33,30
78
50,3
33,30
73
50,4
33,30
71
50,5
33,30
68
50,6
33,30
65
50,7
33,30
62
50,8
33,30
59
50,9
33,30
54
50,10
33,30
49
50,11
33,30
44
50,12
33,30
41
50,13
33,30
38
50,14
33,30
35
50,15
33,30
33
50,16
33,30
32
50,17
33,30
31
50,18
33,30
30
50,19
33,30
29
50,20
33,30
28
50,21
33,30
27
50,22
33,30
27
50,23
33,30
30
50,24
33,30
33
50,25
33,30
36
50,26
33,30
39
50,27
33,30
38
50,28
33,30
37
50,29
33,30
36
50,30
33,30
35
50,31
33,30
38
50,32
33,30
39
50,33
33,30
38
50,34
33,30
37
50,35
33,30
38
50,36
33,30
41
50,37
33,30
44
50,38
33,30
45
50,39
33,30
48
50,40
33,30
51
50,41
33,30
52
50,42
33,30
51
50,43
33,30
50
50,44
33,30
49
50,45
33,30
50
50,46
33,30
53
50,47
33,30
56
50,48
33,30
59
50,49
33,30
65
50,50
33,30
70
50,51
33,30
75
50,52
33,30
80
50,53
33,30
84
50,54
33,30
87
50,55
33,30
91
50,56
33,30
94
50,57
33,30
99
50,58
33,30
100
50,59
33,30
101
50,60
33,30
102
50,61
33,30
104
50,62
33,30
107
50,63
33,30
106
50,64
33,30
106
50,65
33,30
105
50,66
33,30
102
51,0
33,30
87
51,1
33,30
82
51,2
33,30
75
51,3
33,30
73
51,4
33,30
68
51,5
33,30
67
51,6
33,30
64
51,7
33,30
63
51,8
33,30
60
51,9
33,30
55
51,10
33,30
50
51,11
33,30
47
51,12
33,30
42
51,13
33,30
39
51,14
33,30
36
51,15
33,30
34
51,16
33,30
33
51,17
33,30
32
51,18
33,30
31
51,19
33,30
30
51,20
33,30
29
51,21
33,30
28
51,22
33,30
28
51,23
33,30
33
51,24
33,30
36
51,25
33,30
39
51,26
33,30
42
51,27
33,30
43
51,28
33,30
44
51,29
33,30
43
51,30
33,30
42
51,31
33,30
43
51,32
33,30
44
51,33
33,30
43
51,34
33,30
44
51,35
33,30
43
51,36
33,30
46
51,37
33,30
47
51,38
33,30
48
51,39
33,30
53
51,40
33,30
54
51,41
33,30
57
51,42
33,30
56
51,43
33,30
55
51,44
33,30
54
51,45
33,30
55
51,46
33,30
56
51,47
33,30
57
51,48
33,30
60
51,49
33,30
66
51,50
33,30
71
51,51
33,30
76
51,52
33,30
81
51,53
33,30
87
51,54
33,30
90
51,55
33,30
94
51,56
33,30
99
51,57
33,30
103
51,58
33,30
104
51,59
33,30
105
51,60
33,30
106
51,61
33,30
109
51,62
33,30
111
51,63
33,30
111
51,64
33,30
110
51,65
33,30
108
51,66
33,30
107
52,0
33,30
84
52,1
33,30
79
52,2
33,30
75
52,3
33,30
70
52,4
33,30
69
52,5
33,30
66
52,6
33,30
65
52,7
33,30
62
52,8
33,30
61
52,9
33,30
56
52,10
33,30
53
52,11
33,30
50
52,12
33,30
45
52,13
33,30
40
52,14
33,30
37
52,15
33,30
35
52,16
33,30
34
52,17
33,30
33
52,18
33,30
32
52,19
33,30
31
52,20
33,30
30
52,21
33,30
29
52,22
33,30
31
52,23
33,30
34
52,24
33,30
37
52,25
33,30
40
52,26
33,30
45
52,27
33,30
46
52,28
33,30
47
52,29
33,30
46
52,30
33,30
47
52,31
33,30
48
52,32
33,30
49
52,33
33,30
48
52,34
33,30
47
52,35
33,30
48
52,36
33,30
49
52,37
33,30
50
52,38
33,30
51
52,39
33,30
54
52,40
33,30
57
52,41
33,30
59
52,42
33,30
59
52,43
33,30
58
52,44
33,30
57
52,45
33,30
58
52,46
33,30
59
52,47
33,30
60
52,48
33,30
63
52,49
33,30
67
52,50
33,30
70
52,51
33,30
75
52,52
33,30
82
52,53
33,30
86
52,54
33,30
91
52,55
33,30
97
52,56
33,30
100
52,57
33,30
104
52,58
33,30
108
52,59
33,30
109
52,60
33,30
110
52,61
33,30
111
52,62
33,30
114
52,63
33,30
113
52,64
33,30
113
52,65
33,30
112
52,66
33,30
111
53,0
33,30
81
53,1
33,30
77
53,2
33,30
74
53,3
33,30
71
53,4
33,30
70
53,5
33,30
67
53,6
33,30
64
53,7
33,30
61
53,8
33,30
58
53,9
33,30
55
53,10
33,30
52
53,11
33,30
49
53,12
33,30
46
53,13
33,30
41
53,14
33,30
38
53,15
33,30
36
53,16
33,30
35
53,17
33,30
34
53,18
33,30
33
53,19
33,30
32
53,20
33,30
31
53,21
33,30
31
53,22
33,30
34
53,23
33,30
35
53,24
33,30
38
53,25
33,30
43
53,26
33,30
46
53,27
33,30
49
53,28
33,30
50
53,29
33,30
50
53,30
33,30
51
53,31
33,30
52
53,32
33,30
53
53,33
33,30
52
53,34
33,30
52
53,35
33,30
53
53,36
33,30
54
53,37
33,30
55
53,38
33,30
56
53,39
33,30
57
53,40
33,30
59
53,41
33,30
62
53,42
33,30
63
53,43
33,30
62
53,44
33,30
63
53,45
33,30
64
53,46
33,30
65
53,47
33,30
66
53,48
33,30
67
53,49
33,30
70
53,50
33,30
71
53,51
33,30
76
53,52
33,30
81
53,53
33,30
85
53,54
33,30
90
53,55
33,30
96
53,56
33,30
101
53,57
33,30
105
53,58
33,30
109
53,59
33,30
112
53,60
33,30
113
53,61
33,30
116
53,62
33,30
118
53,63
33,30
118
53,64
33,30
117
53,65
33,30
116
53,66
33,30
116
54,0
33,30
80
54,1
33,30
76
54,2
33,30
73
54,3
33,30
72
54,4
33,30
71
54,5
33,30
68
54,6
33,30
65
54,7
33,30
60
54,8
33,30
57
54,9
33,30
54
54,10
33,30
51
54,11
33,30
48
54,12
33,30
45
54,13
33,30
42
54,14
33,30
39
54,15
33,30
38
54,16
33,30
37
54,17
33,30
36
54,18
33,30
39
54,19
33,30
38
54,20
33,30
37
54,21
33,30
36
54,22
33,30
39
54,23
33,30
38
54,24
33,30
41
54,25
33,30
44
54,26
33,30
49
54,27
33,30
52
54,28
33,30
52
54,29
33,30
55
54,30
33,30
56
54,31
33,30
59
54,32
33,30
58
54,33
33,30
59
54,34
33,30
58
54,35
33,30
57
54,36
33,30
58
54,37
33,30
59
54,38
33,30
60
54,39
33,30
59
54,40
33,30
64
54,41
33,30
67
54,42
33,30
68
54,43
33,30
69
54,44
33,30
68
54,45
33,30
71
54,46
33,30
72
54,47
33,30
71
54,48
33,30
72
54,49
33,30
73
54,50
33,30
74
54,51
33,30
77
54,52
33,30
80
54,53
33,30
86
54,54
33,30
89
54,55
33,30
97
54,56
33,30
100
54,57
33,30
104
54,58
33,30
110
54,59
33,30
113
54,60
33,30
117
54,61
33,30
120
54,62
33,30
123
54,63
33,30
120
54,64
33,30
121
54,65
33,30
121
54,66
33,30
122
55,0
33,30
78
55,1
33,30
73
55,2
33,30
72
55,3
33,30
71
55,4
33,30
70
55,5
33,30
67
55,6
33,30
64
55,7
33,30
59
55,8
33,30
56
55,9
33,30
53
55,10
33,30
50
55,11
33,30
47
55,12
33,30
46
55,13
33,30
43
55,14
33,30
40
55,15
33,30
41
55,16
33,30
40
55,17
33,30
41
55,18
33,30
44
55,19
33,30
43
55,20
33,30
42
55,21
33,30
41
55,22
33,30
42
55,23
33,30
41
55,24
33,30
44
55,25
33,30
47
55,26
33,30
50
55,27
33,30
53
55,28
33,30
57
55,29
33,30
60
55,30
33,30
61
55,31
33,30
62
55,32
33,30
63
55,33
33,30
62
55,34
33,30
63
55,35
33,30
62
55,36
33,30
61
55,37
33,30
62
55,38
33,30
63
55,39
33,30
62
55,40
33,30
67
55,41
33,30
70
55,42
33,30
73
55,43
33,30
74
55,44
33,30
75
55,45
33,30
76
55,46
33,30
77
55,47
33,30
76
55,48
33,30
77
55,49
33,30
76
55,50
33,30
77
55,51
33,30
78
55,52
33,30
81
55,53
33,30
86
55,54
33,30
90
55,55
33,30
98
55,56
33,30
101
55,57
33,30
105
55,58
33,30
110
55,59
33,30
116
55,60
33,30
120
55,61
33,30
123
55,62
33,30
125
55,63
33,30
125
55,64
33,30
124
55,65
33,30
125
55,66
33,30
126
56,0
33,30
79
56,1
33,30
74
56,2
33,30
71
56,3
33,30
70
56,4
33,30
69
56,5
33,30
66
56,6
33,30
63
56,7
33,30
60
56,8
33,30
57
56,9
33,30
54
56,10
33,30
51
56,11
33,30
48
56,12
33,30
47
56,13
33,30
46
56,14
33,30
45
56,15
33,30
44
56,16
33,30
45
56,17
33,30
48
56,18
33,30
49
56,19
33,30
48
56,20
33,30
47
56,21
33,30
48
56,22
33,30
49
56,23
33,30
48
56,24
33,30
49
56,25
33,30
50
56,26
33,30
51
56,27
33,30
54
56,28
33,30
56
56,29
33,30
63
56,30
33,30
65
56,31
33,30
66
56,32
33,30
67
56,33
33,30
68
56,34
33,30
68
56,35
33,30
67
56,36
33,30
66
56,37
33,30
65
56,38
33,30
68
56,39
33,30
69
56,40
33,30
72
56,41
33,30
75
56,42
33,30
77
56,43
33,30
80
56,44
33,30
83
56,45
33,30
84
56,46
33,30
85
56,47
33,30
82
56,48
33,30
83
56,49
33,30
83
56,50
33,30
82
56,51
33,30
81
56,52
33,30
82
56,53
33,30
85
56,54
33,30
88
56,55
33,30
94
56,56
33,30
100
56,57
33,30
106
56,58
33,30
109
56,59
33,30
115
56,60
33,30
121
56,61
33,30
127
56,62
33,30
128
56,63
33,30
129
56,64
33,30
125
56,65
33,30
124
56,66
33,30
129
57,0
33,30
80
57,1
33,30
77
57,2
33,30
72
57,3
33,30
71
57,4
33,30
68
57,5
33,30
67
57,6
33,30
64
57,7
33,30
61
57,8
33,30
58
57,9
33,30
55
57,10
33,30
52
57,11
33,30
51
57,12
33,30
48
57,13
33,30
49
57,14
33,30
48
57,15
33,30
47
57,16
33,30
50
57,17
33,30
51
57,18
33,30
52
57,19
33,30
53
57,20
33,30
52
57,21
33,30
53
57,22
33,30
54
57,23
33,30
53
57,24
33,30
52
57,25
33,30
55
57,26
33,30
56
57,27
33,30
56
57,28
33,30
59
57,29
33,30
64
57,30
33,30
66
57,31
33,30
69
57,32
33,30
70
57,33
33,30
71
57,34
33,30
70
57,35
33,30
70
57,36
33,30
69
57,37
33,30
70
57,38
33,30
69
57,39
33,30
72
57,40
33,30
75
57,41
33,30
77
57,42
33,30
82
57,43
33,30
85
57,44
33,30
86
57,45
33,30
87
57,46
33,30
88
57,47
33,30
87
57,48
33,30
86
57,49
33,30
85
57,50
33,30
85
57,51
33,30
84
57,52
33,30
85
57,53
33,30
86
57,54
33,30
89
57,55
33,30
95
57,56
33,30
101
57,57
33,30
106
57,58
33,30
110
57,59
33,30
116
57,60
33,30
122
57,61
33,30
128
57,62
33,30
130
57,63
33,30
133
57,64
33,30
131
57,65
33,30
130
57,66
33,30
133
58,0
33,30
83
58,1
33,30
80
58,2
33,30
75
58,3
33,30
72
58,4
33,30
69
58,5
33,30
68
58,6
33,30
65
58,7
33,30
64
58,8
33,30
63
58,9
33,30
60
58,10
33,30
57
58,11
33,30
56
58,12
33,30
55
58,13
33,30
54
58,14
33,30
53
58,15
33,30
52
58,16
33,30
53
58,17
33,30
56
58,18
33,30
59
58,19
33,30
60
58,20
33,30
61
58,21
33,30
60
58,22
33,30
59
58,23
33,30
58
58,24
33,30
59
58,25
33,30
59
58,26
33,30
60
58,27
33,30
61
58,28
33,30
64
58,29
33,30
67
58,30
33,30
69
58,31
33,30
72
58,32
33,30
75
58,33
33,30
76
58,34
33,30
75
58,35
33,30
74
58,36
33,30
73
58,37
33,30
73
58,38
33,30
74
58,39
33,30
76
58,40
33,30
79
58,41
33,30
82
58,42
33,30
86
58,43
33,30
89
58,44
33,30
90
58,45
33,30
91
58,46
33,30
92
58,47
33,30
91
58,48
33,30
91
58,49
33,30
90
58,50
33,30
89
58,51
33,30
88
58,52
33,30
88
58,53
33,30
87
58,54
33,30
88
58,55
33,30
94
58,56
33,30
100
58,57
33,30
107
58,58
33,30
111
58,59
33,30
117
58,60
33,30
123
58,61
33,30
129
58,62
33,30
133
58,63
33,30
137
58,64
33,30
137
58,65
33,30
138
58,66
33,30
140
59,0
33,30
85
59,1
33,30
81
59,2
33,30
76
59,3
33,30
73
59,4
33,30
70
59,5
33,30
69
59,6
33,30
68
59,7
33,30
71
59,8
33,30
68
59,9
33,30
67
59,10
33,30
64
59,11
33,30
63
59,12
33,30
62
59,13
33,30
61
59,14
33,30
60
59,15
33,30
59
59,16
33,30
58
59,17
33,30
61
59,18
33,30
62
59,19
33,30
65
59,20
33,30
67
59,21
33,30
66
59,22
33,30
65
59,23
33,30
64
59,24
33,30
65
59,25
33,30
66
59,26
33,30
65
59,27
33,30
66
59,28
33,30
67
59,29
33,30
69
59,30
33,30
72
59,31
33,30
76
59,32
33,30
77
59,33
33,30
78
59,34
33,30
79
59,35
33,30
77
59,36
33,30
76
59,37
33,30
75
59,38
33,30
76
59,39
33,30
79
59,40
33,30
82
59,41
33,30
86
59,42
33,30
91
59,43
33,30
94
59,44
33,30
95
59,45
33,30
96
59,46
33,30
97
59,47
33,30
98
59,48
33,30
95
59,49
33,30
94
59,50
33,30
92
59,51
33,30
91
59,52
33,30
90
59,53
33,30
90
59,54
33,30
89
59,55
33,30
95
59,56
33,30
100
59,57
33,30
106
59,58
33,30
112
59,59
33,30
116
59,60
33,30
124
59,61
33,30
130
59,62
33,30
134
59,63
33,30
140
59,64
33,30
141
59,65
33,30
142
59,66
33,30
144
60,0
33,30
86
60,1
33,30
82
60,2
33,30
77
60,3
33,30
74
60,4
33,30
71
60,5
33,30
70
60,6
33,30
71
60,7
33,30
74
60,8
33,30
73
60,9
33,30
72
60,10
33,30
69
60,11
33,30
68
60,12
33,30
69
60,13
33,30
68
60,14
33,30
67
60,15
33,30
64
60,16
33,30
63
60,17
33,30
64
60,18
33,30
67
60,19
33,30
69
60,20
33,30
72
60,21
33,30
71
60,22
33,30
70
60,23
33,30
71
60,24
33,30
70
60,25
33,30
71
60,26
33,30
72
60,27
33,30
71
60,28
33,30
71
60,29
33,30
74
60,30
33,30
75
60,31
33,30
79
60,32
33,30
80
60,33
33,30
81
60,34
33,30
82
60,35
33,30
80
60,36
33,30
79
60,37
33,30
80
60,38
33,30
81
60,39
33,30
82
60,40
33,30
85
60,41
33,30
89
60,42
33,30
94
60,43
33,30
96
60,44
33,30
99
60,45
33,30
100
60,46
33,30
101
60,47
33,30
100
60,48
33,30
100
60,49
33,30
97
60,50
33,30
96
60,51
33,30
96
60,52
33,30
95
60,53
33,30
92
60,54
33,30
93
60,55
33,30
98
60,56
33,30
101
60,57
33,30
107
60,58
33,30
113
60,59
33,30
117
60,60
33,30
123
60,61
33,30
129
60,62
33,30
135
60,63
33,30
139
60,64
33,30
142
60,65
33,30
146
60,66
33,30
148
61,0
33,30
86
61,1
33,30
83
61,2
33,30
78
61,3
33,30
75
61,4
33,30
74
61,5
33,30
75
61,6
33,30
74
61,7
33,30
77
61,8
33,30
76
61,9
33,30
75
61,10
33,30
74
61,11
33,30
73
61,12
33,30
72
61,13
33,30
71
61,14
33,30
72
61,15
33,30
71
61,16
33,30
70
61,17
33,30
69
61,18
33,30
69
61,19
33,30
74
61,20
33,30
75
61,21
33,30
76
61,22
33,30
77
61,23
33,30
76
61,24
33,30
76
61,25
33,30
77
61,26
33,30
76
61,27
33,30
75
61,28
33,30
76
61,29
33,30
77
61,30
33,30
79
61,31
33,30
84
61,32
33,30
85
61,33
33,30
84
61,34
33,30
83
61,35
33,30
82
61,36
33,30
82
61,37
33,30
83
61,38
33,30
84
61,39
33,30
86
61,40
33,30
89
61,41
33,30
92
61,42
33,30
96
61,43
33,30
99
61,44
33,30
102
61,45
33,30
104
61,46
33,30
105
61,47
33,30
105
61,48
33,30
104
61,49
33,30
103
61,50
33,30
103
61,51
33,30
100
61,52
33,30
99
61,53
33,30
97
61,54
33,30
96
61,55
33,30
101
61,56
33,30
103
61,57
33,30
108
61,58
33,30
114
61,59
33,30
118
61,60
33,30
123
61,61
33,30
129
61,62
33,30
133
61,63
33,30
139
61,64
33,30
143
61,65
33,30
148
61,66
33,30
151
done
